  0 |(0 0 0)|(0 1 0)|
  1 |(0 0 100)|(1 1 1)| s[01]
  2 |(3 0 0)|(2 1 2)| s[01] s[02]
  3 |(0 0 1)|(3 1 1)| s[01]
  4 |(3 0 1)|(4 1 2)| s[01] s[02]
  5 |(0 0 0)|(5 1 1)| s[01]
  6 |(3 0 2)|(6 1 2)| s[01] s[02]
  7 |(2 0 1)|(7 1 1)| s[01]
  8 |(2 0 1)|(8 1 2)| s[01] s[02]
  9 |(1 0 4)|(9 1 3)| s[01] s[02] s[03]
  10 |(2 0 0)|(10 1 2)| s[01] s[02]
  11 |(1 0 2)|(11 1 3)| s[01] s[02] s[03]
  12 |(3 0 0)|(12 1 2)| s[01] s[02]
  13 |(0 0 1)|(13 1 1)| s[01]
  14 |(2 0 1)|(14 1 2)| s[01] s[02]
  15 |(1 0 2)|(15 1 3)| s[01] s[02] s[03]
  16 |(3 0 1)|(16 1 2)| s[01] s[02]
  17 |(0 0 100)|(17 1 1)| s[01]
  18 |(2 0 1)|(18 1 2)| s[01] s[02]
  19 |(1 0 11)|(19 1 3)| s[01] s[02] s[03]
  20 |(7 0 24)|(20 1 2)| s[01] s[02]
  21 |(6 0 8)|(21 1 1)| s[01]
  9 |(1 0 4)|(9 1 1)| s[01]
  10 |(2 0 0)|(10 1 0)|
  11 |(1 0 2)|(11 1 1)| s[01]
  12 |(3 0 0)|(12 1 0)|
  13 |(0 0 1)|(13 1 -1)|
  14 |(2 0 1)|(14 1 0)|
  15 |(1 0 2)|(15 1 1)| s[01]
  16 |(3 0 1)|(16 1 0)|
  17 |(0 0 100)|(17 1 -1)|
  18 |(2 0 1)|(18 1 0)|
  19 |(1 0 11)|(19 1 1)| s[01]
  20 |(7 0 24)|(20 1 0)|
  21 |(6 0 8)|(21 1 -1)|
  9 |(1 0 4)|(9 1 -1)|
  10 |(2 0 0)|(10 1 -2)|
  11 |(1 0 2)|(11 1 -1)|
  12 |(3 0 0)|(12 1 -2)|
  13 |(0 0 1)|(13 1 -3)|
  14 |(2 0 1)|(14 1 -2)|
  15 |(1 0 2)|(15 1 -1)|
  16 |(3 0 1)|(16 1 -2)|
  17 |(0 0 100)|(17 1 -3)|
  18 |(2 0 1)|(18 1 -2)|
  19 |(1 0 11)|(19 1 -1)|
  20 |(7 0 24)|(20 1 -2)|
  21 |(6 0 8)|(21 1 -3)|
  9 |(1 0 4)|(9 1 -3)|
  10 |(2 0 0)|(10 1 -4)|
  11 |(1 0 2)|(11 1 -3)|
  12 |(3 0 0)|(12 1 -4)|
  13 |(0 0 1)|(13 1 -5)|
  14 |(2 0 1)|(14 1 -4)|
  15 |(1 0 2)|(15 1 -3)|
  16 |(3 0 1)|(16 1 -4)|
  17 |(0 0 100)|(17 1 -5)|
  18 |(2 0 1)|(18 1 -4)|
  19 |(1 0 11)|(19 1 -3)|
  20 |(7 0 24)|(20 1 -4)|
  21 |(6 0 8)|(21 1 -5)|
  9 |(1 0 4)|(9 1 -5)|
  10 |(2 0 0)|(10 1 -6)|
  11 |(1 0 2)|(11 1 -5)|
  12 |(3 0 0)|(12 1 -6)|
  13 |(0 0 1)|(13 1 -7)|
  14 |(2 0 1)|(14 1 -6)|
  15 |(1 0 2)|(15 1 -5)|
  16 |(3 0 1)|(16 1 -6)|
  17 |(0 0 100)|(17 1 -7)|
  18 |(2 0 1)|(18 1 -6)|
  19 |(1 0 11)|(19 1 -5)|
  20 |(7 0 24)|(20 1 -6)|
  21 |(6 0 8)|(21 1 -7)|
  9 |(1 0 4)|(9 1 -7)|
  10 |(2 0 0)|(10 1 -8)|
  11 |(1 0 2)|(11 1 -7)|
  12 |(3 0 0)|(12 1 -8)|
  13 |(0 0 1)|(13 1 -9)|
  14 |(2 0 1)|(14 1 -8)|
  15 |(1 0 2)|(15 1 -7)|
  16 |(3 0 1)|(16 1 -8)|
  17 |(0 0 100)|(17 1 -9)|
  18 |(2 0 1)|(18 1 -8)|
  19 |(1 0 11)|(19 1 -7)|
  20 |(7 0 24)|(20 1 -8)|
  21 |(6 0 8)|(21 1 -9)|
  9 |(1 0 4)|(9 1 -9)|
  10 |(2 0 0)|(10 1 -10)|
  11 |(1 0 2)|(11 1 -9)|
  12 |(3 0 0)|(12 1 -10)|
  13 |(0 0 1)|(13 1 -11)|
  14 |(2 0 1)|(14 1 -10)|
  15 |(1 0 2)|(15 1 -9)|
  16 |(3 0 1)|(16 1 -10)|
  17 |(0 0 100)|(17 1 -11)|
  18 |(2 0 1)|(18 1 -10)|
  19 |(1 0 11)|(19 1 -9)|
  20 |(7 0 24)|(20 1 -10)|
  21 |(6 0 8)|(21 1 -11)|
  9 |(1 0 4)|(9 1 -11)|
  10 |(2 0 0)|(10 1 -12)|
  11 |(1 0 2)|(11 1 -11)|
  12 |(3 0 0)|(12 1 -12)|
  13 |(0 0 1)|(13 1 -13)|
  14 |(2 0 1)|(14 1 -12)|
  15 |(1 0 2)|(15 1 -11)|
  16 |(3 0 1)|(16 1 -12)|
  17 |(0 0 100)|(17 1 -13)|
  18 |(2 0 1)|(18 1 -12)|
  19 |(1 0 11)|(19 1 -11)|
  20 |(7 0 24)|(20 1 -12)|
  21 |(6 0 8)|(21 1 -13)|
  9 |(1 0 4)|(9 1 -13)|
  10 |(2 0 0)|(10 1 -14)|
  11 |(1 0 2)|(11 1 -13)|
  12 |(3 0 0)|(12 1 -14)|
  13 |(0 0 1)|(13 1 -15)|
  14 |(2 0 1)|(14 1 -14)|
  15 |(1 0 2)|(15 1 -13)|
  16 |(3 0 1)|(16 1 -14)|
  17 |(0 0 100)|(17 1 -15)|
  18 |(2 0 1)|(18 1 -14)|
  19 |(1 0 11)|(19 1 -13)|
  20 |(7 0 24)|(20 1 -14)|
  21 |(6 0 8)|(21 1 -15)|
  9 |(1 0 4)|(9 1 -15)|
  10 |(2 0 0)|(10 1 -16)|
  11 |(1 0 2)|(11 1 -15)|
  12 |(3 0 0)|(12 1 -16)|
  13 |(0 0 1)|(13 1 -17)|
  14 |(2 0 1)|(14 1 -16)|
  15 |(1 0 2)|(15 1 -15)|
  16 |(3 0 1)|(16 1 -16)|
  17 |(0 0 100)|(17 1 -17)|
  18 |(2 0 1)|(18 1 -16)|
  19 |(1 0 11)|(19 1 -15)|
  20 |(7 0 24)|(20 1 -16)|
  21 |(6 0 8)|(21 1 -17)|
  9 |(1 0 4)|(9 1 -17)|
  10 |(2 0 0)|(10 1 -18)|
  11 |(1 0 2)|(11 1 -17)|
  12 |(3 0 0)|(12 1 -18)|
  13 |(0 0 1)|(13 1 -19)|
  14 |(2 0 1)|(14 1 -18)|
  15 |(1 0 2)|(15 1 -17)|
  16 |(3 0 1)|(16 1 -18)|
  17 |(0 0 100)|(17 1 -19)|
  18 |(2 0 1)|(18 1 -18)|
  19 |(1 0 11)|(19 1 -17)|
  20 |(7 0 24)|(20 1 -18)|
  21 |(6 0 8)|(21 1 -19)|
  9 |(1 0 4)|(9 1 -19)|
  10 |(2 0 0)|(10 1 -20)|
  11 |(1 0 2)|(11 1 -19)|
  12 |(3 0 0)|(12 1 -20)|
  13 |(0 0 1)|(13 1 -21)|
  14 |(2 0 1)|(14 1 -20)|
  15 |(1 0 2)|(15 1 -19)|
  16 |(3 0 1)|(16 1 -20)|
  17 |(0 0 100)|(17 1 -21)|
  18 |(2 0 1)|(18 1 -20)|
  19 |(1 0 11)|(19 1 -19)|
  20 |(7 0 24)|(20 1 -20)|
  21 |(6 0 8)|(21 1 -21)|
  9 |(1 0 4)|(9 1 -21)|
  10 |(2 0 0)|(10 1 -22)|
  11 |(1 0 2)|(11 1 -21)|
  12 |(3 0 0)|(12 1 -22)|
  13 |(0 0 1)|(13 1 -23)|
  14 |(2 0 1)|(14 1 -22)|
  15 |(1 0 2)|(15 1 -21)|
  16 |(3 0 1)|(16 1 -22)|
  17 |(0 0 100)|(17 1 -23)|
  18 |(2 0 1)|(18 1 -22)|
  19 |(1 0 11)|(19 1 -21)|
  20 |(7 0 24)|(20 1 -22)|
  21 |(6 0 8)|(21 1 -23)|
  9 |(1 0 4)|(9 1 -23)|
  10 |(2 0 0)|(10 1 -24)|
  11 |(1 0 2)|(11 1 -23)|
  12 |(3 0 0)|(12 1 -24)|
  13 |(0 0 1)|(13 1 -25)|
  14 |(2 0 1)|(14 1 -24)|
  15 |(1 0 2)|(15 1 -23)|
  16 |(3 0 1)|(16 1 -24)|
  17 |(0 0 100)|(17 1 -25)|
  18 |(2 0 1)|(18 1 -24)|
  19 |(1 0 11)|(19 1 -23)|
  20 |(7 0 24)|(20 1 -24)|
  21 |(6 0 8)|(21 1 -25)|
  9 |(1 0 4)|(9 1 -25)|
  10 |(2 0 0)|(10 1 -26)|
  11 |(1 0 2)|(11 1 -25)|
  12 |(3 0 0)|(12 1 -26)|
  13 |(0 0 1)|(13 1 -27)|
  14 |(2 0 1)|(14 1 -26)|
  15 |(1 0 2)|(15 1 -25)|
  16 |(3 0 1)|(16 1 -26)|
  17 |(0 0 100)|(17 1 -27)|
  18 |(2 0 1)|(18 1 -26)|
  19 |(1 0 11)|(19 1 -25)|
  20 |(7 0 24)|(20 1 -26)|
  21 |(6 0 8)|(21 1 -27)|
  9 |(1 0 4)|(9 1 -27)|
  10 |(2 0 0)|(10 1 -28)|
  11 |(1 0 2)|(11 1 -27)|
  12 |(3 0 0)|(12 1 -28)|
  13 |(0 0 1)|(13 1 -29)|
  14 |(2 0 1)|(14 1 -28)|
  15 |(1 0 2)|(15 1 -27)|
  16 |(3 0 1)|(16 1 -28)|
  17 |(0 0 100)|(17 1 -29)|
  18 |(2 0 1)|(18 1 -28)|
  19 |(1 0 11)|(19 1 -27)|
  20 |(7 0 24)|(20 1 -28)|
  21 |(6 0 8)|(21 1 -29)|
  9 |(1 0 4)|(9 1 -29)|
  10 |(2 0 0)|(10 1 -30)|
  11 |(1 0 2)|(11 1 -29)|
  12 |(3 0 0)|(12 1 -30)|
  13 |(0 0 1)|(13 1 -31)|
  14 |(2 0 1)|(14 1 -30)|
  15 |(1 0 2)|(15 1 -29)|
  16 |(3 0 1)|(16 1 -30)|
  17 |(0 0 100)|(17 1 -31)|
  18 |(2 0 1)|(18 1 -30)|
  19 |(1 0 11)|(19 1 -29)|
  20 |(7 0 24)|(20 1 -30)|
  21 |(6 0 8)|(21 1 -31)|
  9 |(1 0 4)|(9 1 -31)|
  10 |(2 0 0)|(10 1 -32)|
  11 |(1 0 2)|(11 1 -31)|
  12 |(3 0 0)|(12 1 -32)|
  13 |(0 0 1)|(13 1 -33)|
  14 |(2 0 1)|(14 1 -32)|
  15 |(1 0 2)|(15 1 -31)|
  16 |(3 0 1)|(16 1 -32)|
  17 |(0 0 100)|(17 1 -33)|
  18 |(2 0 1)|(18 1 -32)|
  19 |(1 0 11)|(19 1 -31)|
  20 |(7 0 24)|(20 1 -32)|
  21 |(6 0 8)|(21 1 -33)|
  9 |(1 0 4)|(9 1 -33)|
  10 |(2 0 0)|(10 1 -34)|
  11 |(1 0 2)|(11 1 -33)|
  12 |(3 0 0)|(12 1 -34)|
  13 |(0 0 1)|(13 1 -35)|
  14 |(2 0 1)|(14 1 -34)|
  15 |(1 0 2)|(15 1 -33)|
  16 |(3 0 1)|(16 1 -34)|
  17 |(0 0 100)|(17 1 -35)|
  18 |(2 0 1)|(18 1 -34)|
  19 |(1 0 11)|(19 1 -33)|
  20 |(7 0 24)|(20 1 -34)|
  21 |(6 0 8)|(21 1 -35)|
  9 |(1 0 4)|(9 1 -35)|
  10 |(2 0 0)|(10 1 -36)|
  11 |(1 0 2)|(11 1 -35)|
  12 |(3 0 0)|(12 1 -36)|
  13 |(0 0 1)|(13 1 -37)|
  14 |(2 0 1)|(14 1 -36)|
  15 |(1 0 2)|(15 1 -35)|
  16 |(3 0 1)|(16 1 -36)|
  17 |(0 0 100)|(17 1 -37)|
  18 |(2 0 1)|(18 1 -36)|
  19 |(1 0 11)|(19 1 -35)|
  20 |(7 0 24)|(20 1 -36)|
  21 |(6 0 8)|(21 1 -37)|
  9 |(1 0 4)|(9 1 -37)|
  10 |(2 0 0)|(10 1 -38)|
  11 |(1 0 2)|(11 1 -37)|
  12 |(3 0 0)|(12 1 -38)|
  13 |(0 0 1)|(13 1 -39)|
  14 |(2 0 1)|(14 1 -38)|
  15 |(1 0 2)|(15 1 -37)|
  16 |(3 0 1)|(16 1 -38)|
  17 |(0 0 100)|(17 1 -39)|
  18 |(2 0 1)|(18 1 -38)|
  19 |(1 0 11)|(19 1 -37)|
  20 |(7 0 24)|(20 1 -38)|
  21 |(6 0 8)|(21 1 -39)|
  9 |(1 0 4)|(9 1 -39)|
  10 |(2 0 0)|(10 1 -40)|
  11 |(1 0 2)|(11 1 -39)|
  12 |(3 0 0)|(12 1 -40)|
  13 |(0 0 1)|(13 1 -41)|
  14 |(2 0 1)|(14 1 -40)|
  15 |(1 0 2)|(15 1 -39)|
  16 |(3 0 1)|(16 1 -40)|
  17 |(0 0 100)|(17 1 -41)|
  18 |(2 0 1)|(18 1 -40)|
  19 |(1 0 11)|(19 1 -39)|
  20 |(7 0 24)|(20 1 -40)|
  21 |(6 0 8)|(21 1 -41)|
  9 |(1 0 4)|(9 1 -41)|
  10 |(2 0 0)|(10 1 -42)|
  11 |(1 0 2)|(11 1 -41)|
  12 |(3 0 0)|(12 1 -42)|
  13 |(0 0 1)|(13 1 -43)|
  14 |(2 0 1)|(14 1 -42)|
  15 |(1 0 2)|(15 1 -41)|
  16 |(3 0 1)|(16 1 -42)|
  17 |(0 0 100)|(17 1 -43)|
  18 |(2 0 1)|(18 1 -42)|
  19 |(1 0 11)|(19 1 -41)|
  20 |(7 0 24)|(20 1 -42)|
  21 |(6 0 8)|(21 1 -43)|
  9 |(1 0 4)|(9 1 -43)|
  10 |(2 0 0)|(10 1 -44)|
  11 |(1 0 2)|(11 1 -43)|
  12 |(3 0 0)|(12 1 -44)|
  13 |(0 0 1)|(13 1 -45)|
  14 |(2 0 1)|(14 1 -44)|
  15 |(1 0 2)|(15 1 -43)|
  16 |(3 0 1)|(16 1 -44)|
  17 |(0 0 100)|(17 1 -45)|
  18 |(2 0 1)|(18 1 -44)|
  19 |(1 0 11)|(19 1 -43)|
  20 |(7 0 24)|(20 1 -44)|
  21 |(6 0 8)|(21 1 -45)|
  9 |(1 0 4)|(9 1 -45)|
  10 |(2 0 0)|(10 1 -46)|
  11 |(1 0 2)|(11 1 -45)|
  12 |(3 0 0)|(12 1 -46)|
  13 |(0 0 1)|(13 1 -47)|
  14 |(2 0 1)|(14 1 -46)|
  15 |(1 0 2)|(15 1 -45)|
  16 |(3 0 1)|(16 1 -46)|
  17 |(0 0 100)|(17 1 -47)|
  18 |(2 0 1)|(18 1 -46)|
  19 |(1 0 11)|(19 1 -45)|
  20 |(7 0 24)|(20 1 -46)|
